<?xml version="1.0"?>
<opencv_storage>
<problem>
  <coeffs>
    -244618248. 6613865. 321436. -5154. -76. 1.</coeffs>
  <bracket>
    -36.039999999999999 58.039999999999999</bracket>
  <root>23.</root></problem>
<problem>
  <coeffs>
    18779040. 1763154. -65859. -3163. 27. 1.</coeffs>
  <bracket>
    -34.420000000000002 22.420000000000002</bracket>
  <root>-9.</root></problem>
<problem>
  <coeffs>
    13953060. -226152. -116955. 7443. -157. 1.</coeffs>
  <bracket>
    22.079999999999998 29.920000000000002</bracket>
  <root>27.</root></problem>
<problem>
  <coeffs>
    108340320. 1038292. -452677. -7557. 53. 1.</coeffs>
  <bracket>
    -67.170000000000002 14.17</bracket>
  <root>-17.</root></problem>
<problem>
  <coeffs>
    -8436960. 2128068. -184829. 7379. -139. 1.</coeffs>
  <bracket>
    27.039999999999999 30.960000000000001</bracket>
  <root>28.</root></problem>
<problem>
  <coeffs>
    -7638400. -4192880. -181828. 2776. 137. 1.</coeffs>
  <bracket>
    -61.399999999999999 -2.6000000000000001</bracket>
  <root>-20.</root></problem>
<problem>
  <coeffs>
    -12359576. 12174772. 191806. -6953. -50. 1.</coeffs>
  <bracket>
    -37. 61.</bracket>
  <root>1.</root></problem>
<problem>
  <coeffs>
    251209728. 30615456. -194356. -11857. 28. 1.</coeffs>
  <bracket>
    -62.770000000000003 57.770000000000003</bracket>
  <root>-8.</root></problem>
<problem>
  <coeffs>
    -672692040. -7715889. 850886. 26048. 274. 1.</coeffs>
  <bracket>
    -80.780000000000001 -59.219999999999999</bracket>
  <root>-72.</root></problem>
<problem>
  <coeffs>
    435878784. 25051840. -149214. -10979. 12. 1.</coeffs>
  <bracket>
    -51.880000000000003 57.880000000000003</bracket>
  <root>-18.</root></problem>
<problem>
  <coeffs>
    -95916744. -21057070. 727237. -1371. -133. 1.</coeffs>
  <bracket>
    -3.1899999999999999 76.189999999999998</bracket>
  <root>54.</root></problem>
<problem>
  <coeffs>
    105420315. 6432209. -387718. -8850. 43. 1.</coeffs>
  <bracket>
    -58.200000000000003 20.199999999999999</bracket>
  <root>-11.</root></problem>
<problem>
  <coeffs>
    -508980340. -36588599. -571912. 6262. 188. 1.</coeffs>
  <bracket>
    -84.379999999999995 -23.620000000000001</bracket>
  <root>-44.</root></problem>
<problem>
  <coeffs>
    44702112. -7196636. 191805. 2035. -117. 1.</coeffs>
  <bracket>
    8.4299999999999997 50.57</bracket>
  <root>49.</root></problem>
<problem>
  <coeffs>
    -19152. 27834. -8191. -511. 19. 1.</coeffs>
  <bracket>
    -18.789999999999999 1.79</bracket>
  <root>1.</root></problem>
<problem>
  <coeffs>
    -12833550. -2688633. -72346. 3992. 136. 1.</coeffs>
  <bracket>
    -56.490000000000002 -6.5099999999999998</bracket>
  <root>-19.</root></problem>
<problem>
  <coeffs>
    12398400. -2408160. -172828. -436. 103. 1.</coeffs>
  <bracket>
    -29.66 3.6600000000000001</bracket>
  <root>-28.</root></problem>
<problem>
  <coeffs>
    16659490. 17750959. 1117474. 26272. 268. 1.</coeffs>
  <bracket>
    -84.579999999999998 -43.420000000000002</bracket>
  <root>-53.</root></problem>
<problem>
  <coeffs>
    -482137920. -44800848. -827793. 3503. 177. 1.</coeffs>
  <bracket>
    -87.269999999999996 -15.73</bracket>
  <root>-57.</root></problem>
<problem>
  <coeffs>
    -9635472. -1623600. 33448. 6984. 159. 1.</coeffs>
  <bracket>
    -65.400000000000006 -6.5999999999999996</bracket>
  <root>-22.</root></problem>
<problem>
  <coeffs>
    57684000. 13210550. 311215. -5187. -91. 1.</coeffs>
  <bracket>
    -31.870000000000001 78.870000000000005</bracket>
  <root>-5.</root></problem>
<problem>
  <coeffs>
    68569670. 2261307. -265682. -1372. 108. 1.</coeffs>
  <bracket>
    -70.060000000000002 22.059999999999999</bracket>
  <root>-13.</root></problem>
<problem>
  <coeffs>
    -58758336. 9495240. -209342. -7801. 38. 1.</coeffs>
  <bracket>
    -58.219999999999999 18.219999999999999</bracket>
  <root>8.</root></problem>
<problem>
  <coeffs>
    706699840. -51133988. 1082113. -2357. -137. 1.</coeffs>
  <bracket>
    29.48 76.519999999999996</bracket>
  <root>43.</root></problem>
<problem>
  <coeffs>
    -1909001328. 28144252. 800456. -10977. -76. 1.</coeffs>
  <bracket>
    -60.560000000000002 80.560000000000002</bracket>
  <root>52.</root></problem>
<problem>
  <coeffs>
    -327549600. -22511408. -318902. 6603. 178. 1.</coeffs>
  <bracket>
    -66.609999999999999 -28.390000000000001</bracket>
  <root>-36.</root></problem>
<problem>
  <coeffs>
    -42450408. 7823196. -523334. 15653. -208. 1.</coeffs>
  <bracket>
    19.469999999999999 65.530000000000001</bracket>
  <root>31.</root></problem>
<problem>
  <coeffs>
    -166540032. 10501904. 117170. -7815. -8. 1.</coeffs>
  <bracket>
    -40.159999999999997 42.159999999999997</bracket>
  <root>16.</root></problem>
<problem>
  <coeffs>
    -35417004. -15991712. 843341. -7701. -85. 1.</coeffs>
  <bracket>
    -1.3100000000000001 66.310000000000002</bracket>
  <root>31.</root></problem>
<problem>
  <coeffs>
    -267939200. 7778920. 254149. -6989. -41. 1.</coeffs>
  <bracket>
    -36.229999999999997 39.229999999999997</bracket>
  <root>31.</root></problem>
<problem>
  <coeffs>
    -27672960. -154384. 362948. -6708. -47. 1.</coeffs>
  <bracket>
    -7.3399999999999999 57.340000000000003</bracket>
  <root>10.</root></problem>
<problem>
  <coeffs>
    31584000. 9209600. 668740. 19176. 233. 1.</coeffs>
  <bracket>
    -69.540000000000006 -24.460000000000001</bracket>
  <root>-40.</root></problem>
<problem>
  <coeffs>
    266716800. 11561760. -240024. -6986. 49. 1.</coeffs>
  <bracket>
    -52.969999999999999 47.969999999999999</bracket>
  <root>-20.</root></problem>
<problem>
  <coeffs>
    109511820. -7525984. -277889. 3423. 149. 1.</coeffs>
  <bracket>
    -70.180000000000007 10.18</bracket>
  <root>-45.</root></problem>
<problem>
  <coeffs>
    -108558324. 314864. 268255. -5565. -31. 1.</coeffs>
  <bracket>
    -17.41 40.409999999999997</bracket>
  <root>38.</root></problem>
<problem>
  <coeffs>
    26738712. 6577774. 493275. 15625. 213. 1.</coeffs>
  <bracket>
    -52.729999999999997 -26.27</bracket>
  <root>-28.</root></problem>
<problem>
  <coeffs>
    17567088. -469000. -243121. -6969. 1. 1.</coeffs>
  <bracket>
    -43.490000000000002 6.4900000000000002</bracket>
  <root>-12.</root></problem>
<problem>
  <coeffs>
    -78824160. -8041916. 267836. 3885. -154. 1.</coeffs>
  <bracket>
    -7.25 66.25</bracket>
  <root>43.</root></problem>
<problem>
  <coeffs>
    265010816. 14867776. 22118. -7877. -34. 1.</coeffs>
  <bracket>
    -30.129999999999999 55.130000000000003</bracket>
  <root>-29.</root></problem>
<problem>
  <coeffs>
    -42865200. -9047700. -312588. 1545. 134. 1.</coeffs>
  <bracket>
    -59.460000000000001 -6.54</bracket>
  <root>-27.</root></problem>
<problem>
  <coeffs>
    127506720. 12297616. 42366. -8297. -6. 1.</coeffs>
  <bracket>
    -30.140000000000001 54.140000000000001</bracket>
  <root>-12.</root></problem>
<problem>
  <coeffs>
    62483400. 7327385. -129388. -8466. 28. 1.</coeffs>
  <bracket>
    -34.359999999999999 28.359999999999999</bracket>
  <root>-8.</root></problem>
<problem>
  <coeffs>
    -21498554. -5156613. -301966. 212. 120. 1.</coeffs>
  <bracket>
    -73.329999999999998 -7.6699999999999999</bracket>
  <root>-11.</root></problem>
<problem>
  <coeffs>
    36465792. -6941672. 420962. -7425. -58. 1.</coeffs>
  <bracket>
    12.1 21.899999999999999</bracket>
  <root>16.</root></problem>
<problem>
  <coeffs>
    57953280. -2765728. -205168. 1098. 127. 1.</coeffs>
  <bracket>
    -43.439999999999998 11.44</bracket>
  <root>-32.</root></problem>
<problem>
  <coeffs>
    -434511000. 4658775. 1119290. 28904. 286. 1.</coeffs>
  <bracket>
    -87.670000000000002 -55.329999999999998</bracket>
  <root>-63.</root></problem>
<problem>
  <coeffs>
    6187104. -2070864. 131850. 209. -108. 1.</coeffs>
  <bracket>
    4.29 32.710000000000001</bracket>
  <root>14.</root></problem>
